16 0.324219 0.190110 0.057617 0.059341
16 0.136963 0.266667 0.100098 0.105495
16 0.038574 0.440293 0.076172 0.095238
16 0.296143 0.592674 0.087402 0.079121
16 0.395508 0.560440 0.071289 0.087912
16 0.472900 0.465201 0.063965 0.087912
16 0.571289 0.214652 0.060547 0.061538
16 0.688232 0.333333 0.070801 0.073260
16 0.649658 0.041758 0.024902 0.019048
16 0.861328 0.210623 0.071289 0.072527
16 0.970459 0.371795 0.059082 0.071062
16 0.935547 0.819414 0.103516 0.172161
16 0.860596 0.790842 0.079590 0.079853
